"Dates" "2-07" "2-08" "2-09" "2-11" "2-12" "2-13" "2-14" "2-15" "2-16" "2-17" "2-18" "2-19" "2-20" "2-21" "2-22" "2-23" "2-24" "2-26" "2-27" "2-28" "2-29" "2-30" "2-31" "2-34" "2-37" "3-23" "3-24" "3-25" "3-27" "3-28" "3-29" "3-30" "3-31" "3-32" "3-35"
2011-03-23 481 484 475 NA NA NA NA NA NA NA NA NA NA NA NA NA NA 481 434 488 NA NA NA 476 NA NA NA NA NA NA NA NA NA NA NA
2011-03-24 480 494 474 NA NA NA NA NA NA NA NA NA NA NA NA NA NA 483 433 489 NA NA NA 479 NA NA NA NA NA NA NA NA NA NA NA
2011-03-25 481 488 475 481 493 479 492 488 479 502 490 495 490 504 482 486 481 487 488 489 492 338 477 1180 488 489 482 515 483 523 498 501 484 503 495
2011-03-26 906 526 480 994 492 485 493 492 483 504 492 493 495 503 485 487 482 627 553 491 494 335 489 1108 491 491 496 517 511 522 484 502 482 496 496
2011-03-27 971 654 490 1042 516 497 492 492 484 503 486 497 492 492 485 486 482 1011 570 489 494 449 480 1020 490 493 497 514 511 520 501 505 486 501 497
2011-03-28 670 608 468 974 660 630 611 475 480 487 489 488 481 471 472 477 480 994 530 483 477 479 472 1030 475 480 477 500 498 510 485 494 486 485 485
2011-03-29 552 589 469 946 730 660 771 483 519 488 507 499 465 483 474 471 471 1036 608 582 476 474 475 1085 477 481 483 497 492 502 471 483 472 484 483
2011-03-30 581 570 474 1054 774 828 891 497 562 494 670 531 484 483 476 470 472 1068 535 709 483 481 478 1030 483 486 483 495 493 507 475 495 475 488 485
2011-03-31 911 863 473 1010 735 NA 913 736 500 500 741 586 479 489 472 477 470 1010 533 800 487 475 476 1060 491 490 480 497 491 505 479 487 477 486 491
2011-04-01 1012 762 837 1010 573 798 670 600 490 509 665 527 476 506 475 482 474 714 531 851 493 482 478 1011 485 509 485 510 491 508 485 494 481 488 493
2011-04-02 1049 560 733 904 494 879 589 522 477 523 562 494 474 493 479 480 474 511 540 854 482 472 478 1089 473 523 485 515 492 504 482 498 485 487 498
2011-04-03 1042 544 632 938 487 828 598 502 476 553 527 480 471 488 477 481 475 497 508 855 478 479 478 1048 473 527 484 518 NA 503 483 506 483 488 510
2011-04-04 1030 523 625 910 481 801 580 510 479 564 505 480 476 494 477.8 477 475 488 NA 852 480 479 484 1040 469 529 488 517 498 506 488 516 485 490 499
2011-04-05 1033 505 571 778 476 793 537 482 476 558 490 472 467 486 468 474 470 478 526 832 472 480 485 1102 465 521 483 505 496 503 520 460 481 490 428
2011-04-06 1058 756 664 1030 542 681 563 820 474 570 488 481 469 486 471 476 466 970 515 825 481 480 486 1174 468 517 484 508 498 505 510 465 481 490 429
2011-04-07 1050 804 589 1140 558 875 553 660 477 564 486 482 474 484 476 466 473 760 500 793 475 481 485 1180 470 535 491 514 500 506 502 522 486 492 538
2011-04-08 738 682 542 1030 801 774 NA 609 515 614 513 493 490 489 480 486 483 1160 498 800 478 479 485 1150 485 547 533 547 502 507 486 529 501 491 600
2011-04-09 935 625 546 1140 764 907 791 786 509 600 730 511 495 498 478 469 478 1024 510 910 480 481 483 568 485 653 513 561 502 507 485 567 505 493 645
2011-04-10 675 613 559 919 547 910 679 611 505 595 625 478 487 499 478 469 477 695 486 947 486 481 483 721 478 700 521 538 522 508 486 582 507 492 584
2011-04-11 603 633 550 920 597 808 774 559 491 599 581 480 476 495 479 470 475 731 NA 973 482 481 484 637 480 649 542 540 530 506 494 578 NA 492 533
2011-04-12 541 513 527 923 636 948 836 622 511 622 543 498 486 490 477 474 478 721 503 1004 473 482 483 583 488 613 598 547 542 507 500 581 507 494 652
2011-04-13 531 510 521 797 689 894 861 643 516 664 730 530 489 488 479 482 480 603 496 1031 477 482 485 577 500 635 592 586 556 511 495 608 505 500 693
2011-04-14 544 504 516 672 684 731 840 571 508 720 708 530 492 496 481 482 483 572 503 1038 478 487 483 561 504 638 633 619 567 514 490 625 511 510 696
2011-04-15 539 518 515 578 666 631 742 567 556 719 783 592 489 511 479 478 486 553 500 1018 490 482 482 546 513 631 632 618 557 524 486 625 494 525 652
2011-04-16 533 519 518 545 616 590 657 621 668 724 645 665 488 532 481 475 482 547 NA 880 502 480 481 542 571 608 610 633 539 537 523 567 493 546 649
2011-04-17 NA NA NA NA NA NA NA NA NA NA NA NA NA NA NA NA NA NA NA NA NA NA NA NA NA NA NA NA NA NA NA NA NA NA NA
2011-04-18 521 517 512 532 579 568 600 588 605 666 615 671 557 527 471 499 527 533 529 721 563 480 479 530 569 592 611 684 576 556 505 612 490 552 721
2011-04-19 513 515 509 526 550 553 592 621 575 655 604 653 535 540 477 479 539 527 495 671 550 477 479 526 576 547 572 671 592 563 506 598 486 584 581
2011-04-20 501 515 503 514 545 538 572 597 558 632 595 613 510 577 474 494 518 519 501 636 557 477 479 518 560 529 559 673 585 583 530 580 486 626 570
2011-04-21 499 513 497 508 587 521 558 633 562 597 594 598 536 580 482 494 521 515 497 606 592 483 480 668 586 539 607 689 565 597 520 572 484 655 566
2011-04-22 492 508 490 498 526 520 541 652 552 580 578 596 502 562 480 513 504 508 487 589 578 479 480 508 563 510 533 663 565 608 562 556 484 674 550
2011-04-23 NA NA NA NA NA NA NA NA NA NA NA NA NA NA NA NA NA NA NA NA NA NA NA NA NA NA NA NA NA NA NA NA NA NA NA
2011-04-24 NA NA NA NA NA NA NA NA NA NA NA NA NA NA NA NA NA NA NA NA NA NA NA NA NA NA NA NA NA NA NA NA NA NA NA
2011-04-25 495 503 484 493 533 504 522 626 533 560 544 567 508 565 493 575 506 501 NA 557 554 481 483 501 531 508 552 636 581 621 572 540 486 687 530
2011-04-26 485 492 480 486 524 502 512 644 528 540 543 554 511 568 485 536 496 493 484 550 569 478 483 494 539 493 505 617 583 624 569 528 480 679 519
2011-04-27 487 492 481 486 531 495 512 629 528 535 525 545 524 590 488 535 503 492 485 555 583 480 484 494 542 504 587 619 588 636 541 528 482 677 519
2011-04-28 486 492 478 484 527 496 508 617 523 527 522 538 513 594 493 524 508 492 484 540 549 478 482 489 535 499 584 609 568 643 538 525 480 669 513
2011-04-29 480 486 478 483 520 487 502 690 521 520 519 541 502 588 484 531 499 489 484 541 558 475 482 487 531 499 501 609 576 644 540 523 478 659 512
2011-04-30 NA NA NA NA NA NA NA NA NA NA NA NA NA NA NA NA NA NA NA NA NA NA NA NA NA NA NA NA NA NA NA NA NA NA NA
2011-05-01 483 495 478 483 512 494 498 517 501 517 511 534 497 594 491 516 500 488 481 527 533 478 483 488 512 496 558 559 542 639 553 511 480 627 504
2011-05-02 NA NA NA NA NA NA NA NA NA NA NA NA NA NA NA NA NA NA NA NA NA NA NA NA NA NA NA NA NA NA NA NA NA NA NA
2011-05-03 484 492 479 484 520 494 496 526 499 513 512 528 500 569 489 505 499 489 481 526 513 478 484 487 516 494 555 536 522 620 539 510 478 629 505
2011-05-04 484 487 481 483 509 492 503 579 512 511 506 522 504 553 493 517 509 485 484 519 517 480 484 486 541 498 539 543 526 631 537 511 481 602 506
2011-05-05 485 486 480 483 506 495 507 558 512 510 502 519 507 552 492 519 503 485 482 516 520 478 485 486 522 500 551 547 530 619 523 509 481 590 505
2011-05-06 484 488 480 483 503 500 510 532 512 506 497 515 502 561 492 518 502 485 482 515 526 480 484 488 537 494 500 559 528 617 516 511 481 582 501
2011-05-07 487 486 480 484 503 503 511 557 506 504 500 511 497 563 481 520 493 488 481 512 527 477 484 486 530 484 508 560 537 600 521 509 480 580 502
2011-05-08 486 487 483 487 502 495 505 519 503 503 502 510 505 562 485 523 496 489 483 509 527 480 486 491 513 504 517 538 535 589 542 510 479 534 499
2011-05-09 490 492 481 488 500 491 508 504 496 510 502 514 493 534 488 503 488 496 482 509 515 477 483 490 499 499 520 521 517 583 552 506 479 551 499
2011-05-10 486 481 483 487 504 507 502 516 501 511 504 517 496 531 484 509 490 492 481 508 507 477 484 488 512 506 511 524 517 581 558 512 482 539 497
2011-05-11 477 476 475 479 490 488 496 526 495 497 499 499 490 544 474 501 480 481 474 497 508 470 475 478 504 496 501 536 525 550 543 500 474 526 498
2011-05-12 485 482 476 483 493 490 500 495 491 503 493 504 485 516 476 495 478 489 474 497 501 480 475 480 490 494 512 506 509 546 530 499 472 520 497
2011-05-13 485 490 483 487 490 502 505 493 489 509 498 493 474 512 474 493 474 490 475 497 492 474 481 491 NA 494 513 509 505 549 540 500 474 520 486
2011-05-14 486 495 482 486 484 495 506 484 484 506 493 469 487 501 467 482 465 474 476 496 481 471 487 512 470 494 515 508 507 547 543 507 506 511 466
2011-05-15 486 495 NA 488 480 496 507 478 479 509 491 465 461 493 459 477 465 473 479 498 466 474 491 509 461 490 518 510 511 532 541 507 475 515 477
2011-05-16 486 496 489 487 477 487 506 471 475 508 484 449 442 482 437 466 451 469 477 500 454 472 492 490 450 488 505 504 510 526 532 504 477 511 478
2011-05-17 481 492 486 480 455 475 504 460 456 509 464 423 420 467 405 446 431 463 475 500 418 464 491 485 422 486 511 495 507 529 527 494 473 508 469
2011-05-18 500 518 506 497 462 521 524 469 476 530 480 430 420 484 407 452 425 475 499 529 433 496 508 504 423 516 531 514 542 561 548 524 493 540 501
2011-05-19 495 513 NA 490 447 517 517 456 458 523 466 415 408 473 410 438 393 459 498 448 416 498 497 499 408 511 534 505 529 563 537 520 487 540 490
2011-05-20 489 508 498 479 432 517 510 440 446 450 402 390 387 460 396 423 376 441 499 539 402 495 483 NA NA 517 533 498 536 555 529 522 492 543 NA
2011-05-21 470 503 485 458 413 518 494 422 431 501 430 392 376 437 371 409 363 423 499 542 385 496 471 NA NA 518 534 482 534 545 520 519 486 549 NA
2011-05-22 437 461 463 432 392 510 467 402 405 477 405 380 361 405 343 384 347 403 498 538 363 498 450 NA NA 513 531 458 523 531 510 511 472 558 NA
2011-05-23 394 437 418 395 356 478 420 367 363 432 367 351 318 390 297 376 315 368 482 513 318 480 392 NA NA 492 513 414 511 501 482 482 443 540 NA
2011-05-24 390 428 413 384 347 451 407 367 346 429 370 348 305 356 294 336 283 374 485 513 321 476 323 NA NA 488 509 409 509 495 445 482 441 529 NA
2011-05-25 371 404 396 372 325 435 398 347 332 416 340 318 293 324 278 325 280 343 483 493 319 469 350 NA NA 472 511 381 502 490 460 459 436 527 NA
2011-05-26 364 390 402 370 320 435 394 337 320 410 331 304 278 321 264 305 267 335 482 487 305 464 340 NA NA 465 508 372 500 484 444 452 452 525 NA
2011-05-27 370 374 381 364 320 430 388 326 313 402 319 296 261 313 266 294 266 327 482 73 290 460 331 NA NA 456 508 366 493 481 421 445 453 523 NA
2011-05-28 335 361 349 347 295 403 366 300 281 374 298 284 257 285 248 272 256 303 483 457 266 447 309 NA NA 451 505 339 452 469 392 411 449 518 NA
2011-05-29 309 338 321 326 279 379 339 286 265 350 277 269 247 264 236 260 239 290 482 432 246 424 261 NA NA 441 502 309 427 447 378 386 432 512 NA
2011-05-30 291 322 297 309 263 359 319 271 250 328 263 252 232 249 226 248 229 272 481 407 237 403 272 NA NA 419 502 287 419 435 358 369 423 506 NA
2011-05-31 277 307 280 295 260 336 306 260 240 309 251 245 227 240 220 240 229 260 474 384 229 385 259 NA NA 397 502 271 417 422 341 362 421 497 NA
2011-06-01 263 300 264 280 242 315 299 249 230 295 243 238 220 231 213 233 225 250 476 369 323 368 250 NA NA 387 492 260 394 413 325 346 410 486 NA
2011-06-02 284 273 254 255 348 302 284 238 224 285 234 233 214 225 209 229 220 278 240 471 216 352 241 NA NA 375 496 250 387 402 314 328 414 476 NA
2011-06-03 257 268 247 268 231 295 278 238 220 276 227 229 206 222 202 226 206 237 467 330 212 341 237 NA NA 359 486 244 382 393 300 319 415 463 NA
2011-06-04 245 268 240 260 225 283 267 232 215 266 223 225 200 215 197 213 199 230 467 323 215 328 235 NA NA 357 481 237 362 380 285 308 413 457 NA
2011-06-05 239 250 235 254 222 273 260 227 211 258 216 222 200 213 195 209 196 226 461 305 216 318 225 NA NA 337 477 230 345 364 273 309 416 434 NA
2011-06-06 233 245 228 247 219 261 251 223 208 248 211 220 203 212 191 203 192 222 460 286 215 305 225 NA NA 331 473 224 330 353 264 306 416 415 NA
2011-06-07 228 244 222 238 215 254 245 218 207 244 209 219 196 209 184 199 185 218 448 275 208 294 216 NA NA 325 465 217 316 344 258 293 416 408 NA
2011-06-08 236 237 241 231 217 282 231 220 211 247 213 228 196 213 183 198 183 225 428 281 199 292 215 NA NA 294 387 220 323 344 256 282 430 406 NA
2011-06-09 227 238 235 227 215 254 241 221 208 246 210 223 199 210 184 201 190 265 406 250 222 286 205 NA NA 307 422 223 316 334 252 275 426 399 NA
2011-06-10 233 231 243 236 224 271 244 218 207 242 211 218 189 207 186 201 191 229 321 252 216 277 199 NA NA 292 330 221 310 331 245 277 405 397 NA
2011-06-11 251 242 256 238 225 298 228 225 211 249 215 232 197 214 187 209 186 241 387 268 201 276 209 294 255 277 304 224 276 310 244 295 376 379 273
2011-06-12 245 246 245 229 232 259 243 232 208 249 211 220 197 210 185 203 187 239 375 262 200 280 208 262 201 274 334 230 263 308 237 361 384 375 245
2011-06-13 238 240 231 232 230 245 242 223 205 241 209 212 199 206 190 203 196 238 377 257 205 276 203 244 206 290 359 226 268 310 229 270 360 363 262
2011-06-14 236 235 246 235 231 266 239 224 209 237 209 211 194 209 191 201 197 236 320 246 218 276 204 254 204 280 309 231 263 301 228 276 332 363 282
2011-06-15 242 NA 242 230 214 244 239 229 207 241 207 215 192 205 183 205 187 241 364 251 203 269 202 253 207 266 329 225 259 294 226 267 333 334 219
2011-06-16 241 243 244 228 239 238 233 229 212 241 204 220 183 205 177 203 183 243 330 251 194 265 200 259 201 265 328 224 257 292 224 258 326 333 235
2011-06-17 236 NA 254 234 243 249 225 238 212 240 207 223 183 211 176 203 180 242 330 247 189 262 199 277 196 254 295 224 254 280 224 257 291 325 265
2011-06-18 255 245 264 236 222 247 227 234 219 241 227 216 193 213 178 199 179 251 305 247 200 260 198 294 197 272 306 222 264 248 224 283 284 315 291
2011-06-19 265 253 269 249 236 251 231 244 231 245 238 232 199 216 175 205 178 251 287 245 203 261 199 296 206 274 329 222 277 238 220 276 274 294 304
2011-06-20 274 255 272 256 245 271 234 254 236 245 241 231 200 217 176 209 177 256 305 244 209 258 198 307 210 296 351 222 296 232 218 270 269 284 322
2011-06-21 312 280 278 266 234 275 245 233 251 244 248 231 203 209 180 200 187 309 289 243 217 251 198 340 204 325 368 219 326 226 211 302 266 284 342
2011-06-22 330 290 299 304 259 281 248 250 266 254 245 263 217 223 183 224 195 297 294 243 224 250 198 368 242 304 368 231 293 228 220 283 268 267 347
2011-06-23 351 328 338 328 260 302 270 238 275 259 251 255 226 222 201 201 208 368 302 244 239 251 199 390 233 345 376 233 320 229 222 340 273 266 373
2011-06-24 365 311 352 357 277 276 256 282 277 260 265 283 246 233 210 244 213 307 309 244 251 252 198 386 269 298 328 242 282 241 206 296 278 255 338
2011-06-25 368 322 341 342 262 344 294 261 274 255 266 263 248 220 215 212 223 368 305 244 260 246 196 384 238 354 372 231 353 226 222 327 284 258 385
2011-06-26 377 NA 370 360 NA 362 326 229 280 290 242 269 220 227 205 205 204 387 304 264 251 262 195 391 243 374 383 238 344 232 223 320 307 259 397
2011-06-27 373 365 376 369 335 365 332 239 303 307 311 285 258 244 205 209 236 383 308 278 279 268 196 390 273 382 390 250 350 238 225 353 309 266 408
2011-06-28 385 NA 378 379 303 397 365 235 276 322 231 257 222 221 208 219 221 391 310 310 275 280 196 393 235 399 400 241 391 243 225 335 361 262 332
2011-06-29 391 389 388 390 326 399 368 245 289 351 281 299 237 219 223 218 218 396 317 330 270 290 196 404 327 402 403 257 384 252 225 363 357 269 356
2011-06-30 390 382 387 390 351 401 396 344 316 352 355 330 277 248 234 302 251 393 318 341 311 297 196 394 313 407 409 289 388 260 231 380 333 278 420
2011-07-01 392 385 388 392 379 390 383 356 329 369 372 358 303 233 240 316 271 394 321 352 309 306 198 394 335 408 414 306 373 268 231 391 344 285 426
2011-07-02 391 381 393 390 375 388 376 357 329 361 356 344 305 283 271 324 280 385 326 353 322 308 198 392 334 393 400 316 345 272 245 379 333 287 398
2011-07-03 391 378 380 386 382 385 375 362 326 361 360 344 344 294 281 314 292 386 320 348 333 310 199 388 344 385 385 321 358 275 248 389 294 284 389
2011-07-04 388 378 380 386 387 396 378 368 336 361 360 346 357 304 280 326 310 390 318 359 345 310 204 391 360 402 415 327 382 249 261 387 312 288 425
2011-07-05 384 403 385 386 359 408 389 321 355 379 371 330 304 289 285 248 296 385 365 361 329 311 207 396 313 418 414 332 405 284 238 399 300 285 414
2011-07-06 386 382 381 390 373 408 398 366 329 394 384 363 324 266 264 248 279 389 344 371 350 308 215 380 349 411 416 349 395 293 240 406 355 302 428
2011-07-07 386 365 382 394 385 400 394 374 310 384 378 355 340 334 318 357 293 386 328 372 360 309 215 389 366 407 407 356 383 312 272 400 352 313 398
2011-07-08 394 386 381 393 388 400 388 381 351 389 376 355 362 343 308 353 311 351 297 376 365 312 221 395 375 408 420 362 391 298 278 411 340 325 408
2011-07-09 388 362 381 391 386 400 388 385 362 391 378 356 351 351 307 354 316 396 320 379 370 314 225 393 366 409 421 367 396 306 311 372 366 331 406
2011-07-10 385 384 381 384 379 404 392 363 366 395 372 352 311 339 323 272 317 384 322 376 348 315 224 393 341 405 404 363 404 323 255 405 342 338 402
2011-07-11 390 382 381 386 383 398 394 383 372 401 390 386 359 349 310 353 325 387 327 383 378 313 225 387 383 405 400 378 391 338 283 420 345 355 417
2011-07-12 384 382 383 386 378 403 392 367 351 398 380 357 279 319 305 277 316 386 315 383 363 313 225 385 329 402 396 365 396 344 265 411 354 355 402
2011-07-13 381 377 376 380 377 396 388 354 343 398 373 359 265 287 283 272 272 383 338 378 366 316 238 387 334 393 395 369 398 349 276 408 371 363 399
2011-07-14 385 379 377 385 365 393 390 384 316 402 389 389 352 318 NA 374 309 384 340 386 387 324 241 390 389 399 394 392 NA 354 316 418 365 375 407
2011-07-15 385 379 377 383 370 389 388 372 328 397 389 376 316 296 NA 284 301 387 345 384 377 329 247 391 383 397 395 384 NA 360 302 403 367 376 397
2011-07-16 388 381 377 385 376 NA 384 361 342 393 378 352 263 304 NA 292 310 388 346 378 363 334 262 385 338 398 396 375 390 363 296 403 373 377 395
2011-07-17 396 NA 387 394 370 NA 391 365 345 393 376 361 278 287 NA 294 281 398 357 380 370 341 288 401 341 404 404 383 402 359 301 402 392 382 394
2011-07-18 397 388 389 394 402 400 390 367 355 390 364 352 272 289 289 297 273 397 359 378 364 344 293 394 323 404 404 380 401 364 316 398 393 377 390
2011-07-19 398 390 392 396 379 407 393 373 365 392 383 345 293 313 311 316 309 400 351 382 375 351 296 396 326 407 410 381 413 360 322 398 390 388 394
2011-07-20 404 398 399 405 379 410 401 374 370 400 390 366 318 321 320 307 312 407 360 386 369 357 308 413 379 418 416 386 418 359 327 401 397 389 398
2011-07-21 408 403 402 405 388 421 404 378 383 402 389 358 300 330 329 306 325 410 360 388 368 364 313 408 322 418 420 384 412 358 326 406 395 386 399
2011-07-22 415 404 407 412 385 418 408 376 382 407 376 362 309 326 330 312 318 414 374 390 368 371 327 415 357 423 422 384 416 367 332 409 402 381 403
2011-07-23 421 NA 414 418 397 425 413 380 392 412 362 360 301 328 337 323 324 420 380 396 369 376 337 416 349 425 427 387 417 377 349 415 412 381 411
2011-07-24 422 NA 417 421 400 425 417 383 398 417 407 370 346 335 351 332 345 426 391 400 380 381 342 425 387 426 428 392 420 384 359 416 411 387 416
2011-07-25 422 416 420 423 404 427 420 397 396 420 416 386 354 344 350 320 347 425 399 402 391 389 346 433 383 427 428 399 425 382 362 419 411 382 418
2011-07-26 434 430 426 430 411 437 426 393 406 422 378 378 323 341 356 357 334 434 401 407 377 397 355 431 347 435 432 397 424 392 373 425 414 383 418
2011-07-27 437 429 430 429 414 436 430 395 411 432 375 376 347 363 364 364 336 438 410 410 377 402 368 434 352 436 433 398 433 390 371 430 423 383 423
2011-07-28 439 437 432 432 420 437 429 396 411 428 400 388 363 368 373 368 367 441 409 416 391 407 374 436 364 435 437 401 437 396 384 428 424 386 423
2011-07-29 441 440 436 436 421 439 434 401 419 430 378 397 360 376 379 374 360 444 414 422 385 415 382 443 378 440 442 406 439 398 390 432 429 387 426
2011-07-30 NA NA NA NA NA NA NA NA NA NA NA NA NA NA NA NA NA NA NA NA NA NA NA NA NA NA NA NA NA NA NA NA NA NA NA
2011-07-31 442 442 436 439 428 445 435 405 NA 431 395 401 380 383 390 383 386 445 NA 424 397 422 390 443 377 445 448 411 446 396 399 434 411 390 430
2011-08-01 447 443 440 443 434 446 442 408 427 438 390 406 382 393 398 393 378 449 NA 429 393 426 401 460 393 446 453 405 446 398 400 439 439 385 437
2011-08-02 452 447 457 464 437 455 447 416 430 443 399 420 398 404 410 398 398 454 444 434 404 435 412 452 400 453 458 418 443 402 407 441 444 388 440
2011-08-03 456 452 454 465 440 458 455 427 436 444 410 406 401 NA 413 406 408 462 443 438 404 440 415 453 404 456 463 427 448 403 413 447 449 391 443
2011-08-04 460 458 465 458 444 465 455 432 438 473 466 418 427 417 425 411 415 465 450 440 421 445 427 464 404 458 466 423 459 400 420 452 449 395 450
2011-08-05 464 462 464 466 454 472 460 429 446 457 452 434 421 413 426 412 424 465 426 451 425 450 430 466 414 472 473 434 449 405 416 455 452 403 459
