"Dates" "2-07" "2-08" "2-09" "2-11" "2-12" "2-13" "2-14" "2-15" "2-17" "2-18" "2-19" "2-21" "2-23" "2-24" "2-26" "2-27" "2-28" "2-29" "2-30" "2-31" "2-34" "2-37" "3-23" "3-24" "3-25" "3-27" "3-28" "3-29" "3-30" "3-31" "3-32" "3-35"
2010-05-11 NA NA NA NA NA NA NA NA NA NA NA NA NA NA NA NA NA NA NA NA NA NA NA NA NA NA NA NA NA NA NA NA
2010-05-12 NA NA NA NA NA NA NA NA NA NA NA NA NA NA NA NA NA NA NA NA NA NA NA NA NA NA NA NA NA NA NA NA
2010-05-13 NA NA NA NA NA NA NA NA 440 NA NA 452 454 446 445 NA NA 445 NA NA NA NA 427 420 448 425 437 NA 458 NA NA NA
2010-05-14 NA NA NA NA NA NA NA NA NA NA NA 453 456 444 450 NA NA 453 NA NA 456 451 430 426 448 429 444 NA NA NA NA NA
2010-05-15 NA NA NA NA NA NA NA NA NA NA NA NA NA NA NA NA NA NA NA NA NA NA NA NA NA NA NA NA NA NA NA NA
2010-05-16 NA NA NA NA NA NA NA NA 438 NA NA 441 439 442 451 NA NA 452 NA NA 452 454 449 421 437 421 442 NA NA NA NA NA
2010-05-17 NA NA NA NA NA NA NA NA 438 NA NA 446 442 446 450 NA NA 458 NA NA 467 458 431 427 440 424 443 NA 461 NA NA NA
2010-05-18 NA NA NA NA NA NA NA NA 442 NA NA 452 455 452 441 NA NA 457 NA NA 470 453 431 426 450 429 444 NA 472 NA NA 475
2010-05-19 NA NA NA NA NA NA NA NA 443 NA NA 447 453 446 453 NA NA 456 NA NA 464 450 433 433 447 433 444 NA 464 NA NA 467
2010-05-20 NA NA NA NA NA NA NA NA 444 NA NA 452 456 452 457 NA NA 454 NA NA 460 451 431 426 449 426 444 NA 464 NA NA 466
2010-05-21 NA NA NA NA NA NA NA NA 448 NA NA 455 455 449 454 NA NA 455 NA NA 459 450 436 431 452 432 444 NA 470 NA NA 469
2010-05-22 NA NA NA NA NA NA NA NA 444 NA NA 457 452 447 461 NA NA 459 NA NA 468 449 436 435 450 436 442 NA 462 NA NA 462
2010-05-23 NA NA NA NA NA NA NA NA 456 NA NA 447 455 447 460 NA NA 452 NA NA 460 450 466 480 445 438 446 NA 469 NA NA 464
2010-05-24 NA NA NA NA NA NA NA NA 461 NA NA 442 451 444 459 NA NA 445 NA NA 469 446 468 464 436 428 436 NA 470 NA NA 490
2010-05-25 NA NA NA NA NA NA NA NA 463 NA NA 445 442 446 448 NA NA 445 NA NA 473 444 455 440 444 435 438 NA 483 NA NA 485
2010-05-26 NA NA NA NA NA NA NA NA 465 NA NA 447 443 447 457 NA NA 446 NA NA 472 446 479 450 443 437 439 NA 489 NA NA 493
2010-05-27 NA NA NA NA NA NA NA NA 478 NA NA 443 448 446 485 NA NA 447 NA NA 493 448 448 478 439 436 437 NA 489 NA NA 513
2010-05-28 NA NA NA NA NA NA NA NA NA NA NA 435 435 433 490 NA NA 441 NA NA 495 445 490 522 433 435 427 NA 497 NA NA 512
2010-05-29 NA NA NA NA NA NA NA NA NA NA NA NA 436 NA 484 NA NA 440 NA NA NA 443 511 502 429 435 427 NA 489 NA NA NA
2010-05-30 NA NA NA NA NA NA NA NA NA NA NA NA NA NA NA NA NA NA NA NA NA NA NA NA NA NA NA NA NA NA NA NA
2010-05-31 NA NA NA NA NA NA NA NA NA NA NA NA 433 428 494 NA NA 441 NA NA NA 442 508 501 428 447 424 NA 504 NA NA NA
2010-06-01 NA NA NA NA NA NA NA NA 420 NA NA 435 436 430 484 NA NA 444 NA NA 465 445 503 485 427 439 424 NA 499 NA NA 506
2010-06-02 NA NA NA NA NA NA NA NA 790 NA NA 439 436 439 478 NA NA 447 NA NA 470 447 509 488 467 479 430 NA 740 NA NA 512
2010-06-03 NA NA NA NA NA NA NA NA 592 NA NA 441 438 441 462 NA NA 442 NA NA 473 445 614 563 477 474 438 NA 836 NA NA 914
2010-06-04 NA NA NA NA NA NA NA NA 550 NA NA 445 437 454 465 430 NA 592 432 NA 482 726 598 569 469 496 437 NA 822 428 NA 892
2010-06-05 NA NA NA NA NA NA NA NA 566 NA NA 437 439 447 484 431 NA 579 435 NA 481 598 559 668 444 554 437 NA 798 425 NA 865
2010-06-06 NA NA NA NA NA NA NA NA 573 NA NA 435 438 437 480 432 NA 558 434 NA 475 551 558 543 439 587 437 NA 788 424 NA 757
2010-06-07 525 509 463 NA NA NA 494 445 521 445 NA 437 442 437 560 432 NA 523 434 NA 477 526 558 721 442 554 438 443 736 425 NA 646
2010-06-08 480 506 469 NA NA NA 483 445 517 473 NA 435 439 450 574 432 NA 523 436 NA 571 528 532 688 457 653 440 442 677 425 NA 650
2010-06-09 446 448 487 NA NA NA 477 458 492 459 NA 449 477 457 468 434 NA 408 435 NA 574 485 503 570 467 554 442 444 632 429 NA 641
2010-06-10 442 443 468 NA NA NA 476 450 464 454 NA 451 468 446 450 433 NA 462 435 NA 500 453 471 594 451 535 449 448 536 437 NA 439
2010-06-11 439 438 455 NA NA NA 466 446 453 447 NA 454 453 426 445 434 NA 438 431 NA 470 428 452 526 449 533 442 454 461 438 NA 443
2010-06-12 450 451 461 NA NA NA 465 450 458 450 NA 459 452 416 449 443 459 426 443 462 472 408 486 599 456 550 452 462 474 448 521 459
2010-06-13 466 461 462 NA NA NA 456 447 458 449 NA 456 450 418 452 443 460 445 445 460 NA 429 491 585 455 540 450 463 503 448 564 463
2010-06-14 471 463 474 NA NA NA 454 457 460 447 NA 455 448 425 460 444 NA 448 443 NA NA 440 480 528 455 552 451 459 502 448 NA 473
2010-06-15 461 450 466 NA NA NA 462 453 461 445 NA 458 419 416 452 447 NA 443 444 NA 473 428 485 533 454 490 452 464 484 445 NA 454
2010-06-16 457 450 462 NA NA NA 460 441 456 436 NA 447 407 395 439 446 NA 405 445 NA 466 401 482 537 449 468 454 465 485 445 NA 445
2010-06-17 455 456 457 444 430 457 458 425 453 429 396 440 357 374 430 445 457 392 452 436 455 389 500 565 443 469 456 461 477 488 633 446
2010-06-18 452 452 452 447 424 456 456 421 450 421 380 433 383 354 423 446 456 376 451 428 453 372 501 563 436 468 455 457 477 449 620 436
2010-06-19 451 452 456 446 416 457 445 415 449 417 360 426 367 334 416 445 457 363 452 423 448 359 486 565 432 470 461 459 482 450 611 426
2010-06-20 447 440 458 436 430 457 423 434 448 431 NA 420 344 323 417 444 458 358 450 415 444 341 482 538 426 461 461 453 478 450 610 414
2010-06-21 448 427 461 445 450 450 434 404 446 403 355 421 337 333 428 442 457 352 447 412 446 341 455 517 426 464 455 446 484 450 605 421
2010-06-22 435 425 450 439 418 440 445 385 443 399 327 403 322 329 418 434 458 344 445 397 441 322 492 492 423 466 458 437 479 449 581 403
2010-06-23 431 440 438 413 367 434 430 341 428 368 288 370 289 274 351 432 458 287 440 366 430 283 503 507 397 450 456 424 440 447 552 360
2010-06-24 424 434 428 415 406 435 417 322 416 343 275 358 277 252 328 435 458 271 441 344 414 270 506 504 375 452 450 412 424 443 520 334
2010-06-25 409 NA 414 403 388 422 378 353 404 322 258 332 256 232 313 436 455 250 438 327 408 247 505 475 352 440 450 398 412 448 503 319
2010-06-26 406 409 403 444 374 430 368 298 397 310 245 319 251 225 307 437 452 255 435 316 393 239 506 471 335 436 446 386 401 444 498 316
2010-06-27 440 398 434 426 362 430 308 299 394 295 253 335 245 228 313 439 452 252 430 316 393 250 367 468 330 426 448 382 399 438 496 318
2010-06-28 458 385 443 417 306 404 304 297 381 283 253 318 230 233 318 439 452 245 426 309 407 239 372 439 329 437 445 370 401 436 490 315
2010-06-29 458 383 440 420 309 386 329 300 379 280 250 293 232 240 328 433 452 244 425 305 416 230 388 463 329 432 433 346 396 433 482 313
2010-06-30 448 389 444 420 349 411 308 358 364 374 307 348 275 279 354 429 452 238 422 308 428 234 417 498 385 418 423 390 390 427 477 364
2010-07-01 455 422 450 428 366 420 330 357 374 369 321 356 294 285 407 415 448 227 418 305 468 240 492 554 373 435 411 391 385 414 463 389
2010-07-02 456 445 449 456 392 456 373 377 378 382 356 366 321 318 446 434 439 249 412 308 478 251 539 584 381 442 400 391 392 403 462 420
2010-07-03 465 459 457 465 409 487 398 395 391 386 346 374 277 310 461 428 434 269 411 314 512 266 547 586 386 438 414 398 418 409 464 481
2010-07-04 490 483 471 498 426 550 460 419 421 418 401 405 369 385 502 415 414 266 405 316 509 293 547 553 415 480 421 409 431 452 476 496
2010-07-05 481 492 488 509 439 540 497 438 470 438 426 426 404 404 507 423 455 292 405 349 494 333 561 547 558 519 460 441 481 479 476 542
2010-07-06 483 486 481 505 450 526 510 438 480 445 433 431 413 420 494 430 485 422 406 383 484 355 564 540 463 489 463 443 530 484 448 537
2010-07-07 484 482 476 495 456 514 510 442 490 446 437 437 417 415 483 430 492 359 428 394 477 392 550 536 451 490 455 430 545 479 431 530
2010-07-08 472 473 470 487 457 510 504 440 485 450 440 442 413 414 475 433 493 374 431 403 470 397 538 536 450 493 438 443 537 480 412 534
2010-07-09 470 473 467 486 466 506 497 445 491 451 444 446 414 425 471 437 490 404 438 414 470 422 531 523 450 526 437 442 536 476 421 531
2010-07-10 470 473 466 474 469 500 493 459 504 483 474 436 382 421 472 440 486 446 443 412 469 476 524 520 457 505 446 429 532 472 423 527
2010-07-11 467 470 465 471 469 498 489 448 447 456 443 445 400 427 470 442 482 426 445 420 469 432 519 523 448 498 446 446 529 465 431 523
2010-07-12 466 468 463 471 467 492 482 452 495 457 447 451 416 435 470 443 478 416 441 427 466 440 513 524 452 510 451 450 525 469 438 521
2010-07-13 466 457 462 471 468 486 481 457 492 458 455 456 438 443 469 445 474 433 448 431 466 455 510 511 455 512 453 452 521 471 453 518
2010-07-14 465 465 462 470 469 481 477 460 493 456 460 457 441 448 468 446 473 445 450 439 466 453 503 506 457 514 450 454 517 468 466 511
2010-07-15 463 462 461 468 469 478 474 464 487 475 459 455 435 444 466 448 470 469 452 440 464 465 497 511 459 511 448 451 510 466 473 505
2010-07-16 461 462 461 466 470 476 472 474 491 474 470 433 451 446 467 451 470 474 455 438 462 475 498 507 478 508 450 448 508 463 476 504
2010-07-17 464 464 462 466 471 481 473 461 487 463 461 458 438 447 467 452 469 468 456 441 464 458 492 491 462 508 440 457 509 460 477 500
2010-07-18 462 462 461 469 470 479 473 466 481 471 462 461 445 452 469 456 466 458 457 444 465 463 490 502 460 514 437 457 502 463 481 495
2010-07-19 464 462 463 470 468 474 470 465 482 470 460 458 438 450 467 452 467 470 456 441 462 451 487 499 464 507 435 456 498 460 482 493
2010-07-20 463 463 460 468 469 476 471 470 476 466 463 463 438 448 468 456 465 464 459 444 465 456 487 491 460 515 432 457 498 464 482 494
2010-07-21 465 462 462 464 466 475 470 466 471 465 464 463 445 454 467 455 463 444 457 442 465 455 479 483 458 512 432 458 491 464 480 487
2010-07-22 466 463 465 470 463 474 468 469 472 465 466 468 450 459 470 455 464 458 458 446 464 453 476 472 458 506 434 459 489 463 482 484
2010-07-23 466 466 467 472 469 470 473 475 470 475 466 457 460 451 469 460 466 471 465 450 468 471 466 470 471 504 444 457 490 465 483 486
2010-07-24 471 469 470 474 473 477 477 478 477 474 471 467 451 457 474 NA 469 471 472 453 471 460 485 472 469 505 448 466 494 467 485 489
2010-07-25 472 470 470 475 473 478 478 481 477 479 475 466 453 465 476 470 469 469 470 455 472 462 483 474 472 505 453 465 492 466 485 488
2010-07-26 477 472 473 478 474 483 480 481 477 476 477 474 455 466 478 472 471 453 471 456 476 466 481 484 470 507 458 470 493 473 483 488
2010-07-27 477 473 476 480 473 484 479 482 477 479 479 470 454 464 478 468 471 469 474 458 478 465 480 477 470 501 461 468 493 475 481 489
2010-07-28 479 475 477 481 475 483 482 485 480 482 481 474 459 473 482 469 472 464 478 461 480 466 484 479 471 501 464 470 494 476 480 489
2010-07-29 476 474 477 480 475 484 483 485 475 482 476 465 468 463 478 473 470 476 479 460 477 476 474 476 475 495 464 463 492 470 475 486
2010-07-30 NA NA NA NA NA NA NA NA NA NA NA 477 NA NA NA NA NA 473 482 463 NA NA NA NA NA NA NA NA NA NA NA NA
2010-07-31 NA NA NA NA NA NA NA NA NA NA NA 480 NA NA NA NA NA 462 481 465 NA NA NA NA NA NA NA NA NA NA NA NA
2010-08-01 NA NA NA NA NA NA NA NA NA NA NA 484 NA NA NA NA NA 468 484 470 NA NA NA NA NA NA NA NA NA NA NA NA
2010-08-02 NA NA NA NA NA NA NA NA NA NA NA 485 NA NA NA NA NA 470 485 475 NA NA NA NA NA NA NA NA NA NA NA NA
2010-08-03 NA NA NA NA NA NA NA NA NA NA NA 479 NA NA NA NA NA 485 488 476 NA NA NA NA NA NA NA NA NA NA NA NA
2010-08-04 NA NA NA NA NA NA NA NA NA NA NA 475 NA NA NA NA NA 483 486 476 NA NA NA NA NA NA NA NA NA NA NA NA
2010-08-05 NA NA NA NA NA NA NA NA NA NA NA 474 NA NA NA NA NA 483 489 477 NA NA NA NA NA NA NA NA NA NA NA NA
2010-08-06 NA NA NA NA NA NA NA NA NA NA NA 472 NA NA NA NA NA 482 490 473 NA NA NA NA NA NA NA NA NA NA NA NA
2010-08-07 NA NA NA NA NA NA NA NA NA NA NA 474 NA NA NA NA NA 481 491 478 NA NA NA NA NA NA NA NA NA NA NA NA
2010-08-08 NA NA NA NA NA NA NA NA NA NA NA 475 NA NA NA NA NA 480 488 477 NA NA NA NA NA NA NA NA NA NA NA NA
2010-08-09 NA NA NA NA NA NA NA NA NA NA NA 477 NA NA NA NA NA 471 486 480 NA NA NA NA NA NA NA NA NA NA NA NA
2010-08-10 NA NA NA NA NA NA NA NA NA NA NA 472 NA NA NA NA NA 481 484 476 NA NA NA NA NA NA NA NA NA NA NA NA
2010-08-11 NA NA NA NA NA NA NA NA NA NA NA 469 NA NA NA NA NA 480 481 475 NA NA NA NA NA NA NA NA NA NA NA NA
2010-08-12 NA NA NA NA NA NA NA NA NA NA NA 480 NA NA NA NA NA 481 489 483 NA NA NA NA NA NA NA NA NA NA NA NA
2010-08-13 NA NA NA NA NA NA NA NA NA NA NA 475 NA NA NA NA NA 477 483 479 NA NA NA NA NA NA NA NA NA NA NA NA
2010-08-14 NA NA NA NA NA NA NA NA NA NA NA 474 NA NA NA NA NA 485 480 479 NA NA NA NA NA NA NA NA NA NA NA NA
2010-08-15 NA NA NA NA NA NA NA NA NA NA NA 475 NA NA NA NA NA 474 485 481 NA NA NA NA NA NA NA NA NA NA NA NA
2010-08-16 NA NA NA NA NA NA NA NA NA NA NA 475 NA NA NA NA NA 481 485 480 NA NA NA NA NA NA NA NA NA NA NA NA
2010-08-17 NA NA NA NA NA NA NA NA NA NA NA 483 NA NA NA NA NA 488 485 484 NA NA NA NA NA NA NA NA NA NA NA NA
2010-08-18 NA NA NA NA NA NA NA NA NA NA NA 477 NA NA NA NA NA 487 483 483 NA NA NA NA NA NA NA NA NA NA NA NA
2010-08-19 NA NA NA NA NA NA NA NA NA NA NA 477 NA NA NA NA NA 485 480 483 NA NA NA NA NA NA NA NA NA NA NA NA
2010-08-20 NA NA NA NA NA NA NA NA NA NA NA 476 NA NA NA NA NA 483 482 486 NA NA NA NA NA NA NA NA NA NA NA NA
2010-08-21 NA NA NA NA NA NA NA NA NA NA NA 478 NA NA NA NA NA 486 480 483 NA NA NA NA NA NA NA NA NA NA NA NA
2010-08-22 NA NA NA NA NA NA NA NA NA NA NA 480 NA NA NA NA NA 484 481 486 NA NA NA NA NA NA NA NA NA NA NA NA
2010-08-23 NA NA NA NA NA NA NA NA NA NA NA 475 NA NA NA NA NA 479 477 483 NA NA NA NA NA NA NA NA NA NA NA NA
2010-08-24 NA NA NA NA NA NA NA NA NA NA NA 476 NA NA NA NA NA 486 477 483 NA NA NA NA NA NA NA NA NA NA NA NA
2010-08-25 NA NA NA NA NA NA NA NA NA NA NA 480 NA NA NA NA NA 490 476 486 NA NA NA NA NA NA NA NA NA NA NA NA
2010-08-26 NA NA NA NA NA NA NA NA NA NA NA 482 NA NA NA NA NA 490 476 484 NA NA NA NA NA NA NA NA NA NA NA NA
2010-08-27 NA NA NA NA NA NA NA NA NA NA NA 481 NA NA NA NA NA 487 474 484 NA NA NA NA NA NA NA NA NA NA NA NA
2010-08-28 NA NA NA NA NA NA NA NA NA NA NA 481 NA NA NA NA NA 486 473 484 NA NA NA NA NA NA NA NA NA NA NA NA
2010-08-29 NA NA NA NA NA NA NA NA NA NA NA 483 NA NA NA NA NA 487 476 486 NA NA NA NA NA NA NA NA NA NA NA NA
2010-08-30 NA NA NA NA NA NA NA NA NA NA NA 480 NA NA NA NA NA NA 475 485 NA NA NA NA NA NA NA NA NA NA NA NA
2010-08-31 NA NA NA NA NA NA NA NA NA NA NA 484 NA NA NA NA NA NA 474 484 NA NA NA NA NA NA NA NA NA NA NA NA
2010-09-01 NA NA NA NA NA NA NA NA NA NA NA 486 NA NA NA NA NA NA 472 484 NA NA NA NA NA NA NA NA NA NA NA NA
2010-09-02 NA NA NA NA NA NA NA NA NA NA NA 481 NA NA NA NA NA NA 472 483 NA NA NA NA NA NA NA NA NA NA NA NA
2010-09-03 NA NA NA NA NA NA NA NA NA NA NA 465 NA NA NA NA NA NA 473 483 NA NA NA NA NA NA NA NA NA NA NA NA
2010-09-04 NA NA NA NA NA NA NA NA NA NA NA 484 NA NA NA NA NA NA 470 477 NA NA NA NA NA NA NA NA NA NA NA NA
2010-09-05 NA NA NA NA NA NA NA NA NA NA NA 482 NA NA NA NA NA NA 470 480 NA NA NA NA NA NA NA NA NA NA NA NA
2010-09-06 NA NA NA NA NA NA NA NA NA NA NA 480 NA NA NA NA NA NA 468 479 NA NA NA NA NA NA NA NA NA NA NA NA
2010-09-07 NA NA NA NA NA NA NA NA NA NA NA 484 NA NA NA NA NA NA 468 480 NA NA NA NA NA NA NA NA NA NA NA NA
