"Dates" "2-07" "2-08" "2-09" "2-11" "2-12" "2-13" "2-14" "2-15" "2-16" "2-17" "2-18" "2-19" "2-20" "2-21" "2-22" "2-23" "2-24" "2-26" "2-27" "2-28" "2-29" "2-30" "2-31" "2-34" "2-37" "3-23" "3-24" "3-25" "3-27" "3-28" "3-29" "3-30" "3-31" "3-32" "3-35"
2011-03-23 34.90761212 40.85848484 34.96259394 NA NA NA NA NA NA NA NA NA NA NA NA NA NA 39.39490909 22.69056969 37.01530909 NA NA NA 36.75391515 NA NA NA NA NA NA NA NA NA NA NA
2011-03-24 34.36968485 40.2452606 31.46487272 NA NA NA NA NA NA NA NA NA NA NA NA NA NA 37.22178181 22.55933333 36.15587878 NA NA NA 35.82196363 NA NA NA NA NA NA NA NA NA NA NA
2011-03-25 34.76861818 38.90192727 32.21482424 37.52843636 42.34581818 36.40174545 47.04427878 44.98769697 42.70682424 54.71930909 52.51849696 50.51254545 50.5350909 53.57322424 38.29408484 62.76426666 41.82964848 42.4156606 25.55993939 34.20073939 51.3252606 31.41250909 32.60248485 6.311784589 55.81090909 44.34586666 27.58315151 61.96138181 27.33132121 59.01728484 54.41374545 58.59233939 25.77564848 45.67099393 49.98184242
2011-03-26 39.1844606 46.1542303 35.46650909 34.41059394 41.50545454 41.02464242 46.35376969 44.31248484 42.94043636 56.34964848 48.87144242 52.90048484 46.70637575 50.2466909 37.44335757 61.48807272 42.20409697 40.17927272 23.52989091 36.03424242 53.91020606 30.9960606 31.85740606 6.334402482 53.74934545 41.54221818 40.92113939 65.0676606 45.85002424 57.43465454 50.50512727 57.86350302 24.65110303 47.5414303 50.63953939
2011-03-27 41.13483636 45.11168484 34.73095757 24.16078788 42.69150303 43.4196 47.57964848 48.78408484 43.33564848 60.91138181 50.91999999 52.47905454 46.00041212 48.96471515 37.97425454 63.14489696 41.85630303 34.54705454 28.63945454 36.91881212 52.6778303 24.64973333 33.1124606 6.764289963 53.39410909 51.30368484 47.35804848 63.11682424 51.5254303 58.63350302 57.8814909 61.94675151 24.41355151 46.77351515 53.27881212
2011-03-28 37.82277575 48.30670303 34.39969697 29.00992727 38.81638787 53.26675151 51.10465454 49.38316363 53.53898181 56.7334303 52.24231515 53.05185454 44.65814545 55.70774545 38.84478787 53.2010909 44.83658181 18.24272727 39.98072727 37.49250909 53.74666666 24.50419394 29.48210909 6.252964656 51.99835151 56.15781818 60.22060605 62.31620605 57.45604848 61.69513939 54.07724848 62.02802424 24.6600606 51.15420606 59.53864242
2011-03-29 37.98397575 39.6732606 36.36321212 29.60315151 40.27967272 50.03557575 51.07636363 43.42833939 50.89184242 55.50219393 52.88888484 54.22729696 44.94918787 55.86992727 43.02856969 49.82367272 41.6730303 14.15734545 28.84084848 36.9868606 55.03950302 24.42975757 33.03151515 6.192785862 50.18052121 54.11123636 48.24752727 54.44112727 53.96032727 59.31495757 46.66831515 62.88254545 25.45826666 48.53929696 52.58414545
2011-03-30 40.0765018 41.91178347 36.32987767 18.09949981 39.65282373 37.70318793 50.23354427 45.48773659 51.8808534 55.39318928 53.26392417 52.65660562 46.04774111 51.60401996 41.14712883 47.48552727 41.49367272 12.2706572 27.2999574 36.78732092 59.92018294 23.9443693 31.88255485 6.223807252 56.70418181 53.01930493 49.40052139 57.18110344 57.75794598 62.20115067 51.84436062 49.12127234 26.06912406 48.76395692 53.40622282
2011-03-31 28.68505159 39.1894172 38.46460689 15.65765725 40.07052069 NA 50.80691937 43.71631281 49.06303008 56.23610639 50.24253822 53.75622899 48.63645505 51.10740091 39.4623286 65.33208626 43.46928686 12.36152367 28.46022972 38.84982226 58.22671857 25.04186228 32.55375804 6.163711836 59.00330869 52.30878331 47.2178007 60.75131612 55.49450263 60.31024737 57.76240284 53.72711677 26.46166651 48.03746191 53.45858201
2011-04-01 24.90292411 74.50672971 41.04331964 14.39118686 51.2935818 39.71435514 77.65601865 47.50664983 44.97689124 60.85811141 49.90346918 50.38827755 47.96000168 49.97394106 39.11734977 68.43231408 44.40866826 46.42540655 26.00646951 37.48477502 50.68526491 24.27625387 31.41303351 6.196516112 54.09266847 46.90243325 46.35086111 60.85631084 58.55074124 60.56114188 64.34613958 54.31776667 24.81485655 46.93571708 47.95315594
2011-04-02 19.33957668 95.1313776 38.42611744 32.48255524 54.89977025 41.64745599 111.6605362 48.11503803 41.94318651 70.72950477 51.05779605 67.66447724 44.67830832 56.37884181 36.54807665 60.36126951 41.12199214 48.49782886 25.19678275 36.50205511 54.13704097 23.44274073 33.3280395 6.138641104 53.72762486 43.27470924 46.61287102 61.64552278 57.21454772 63.64839132 49.00719453 55.41144458 25.11323445 44.72221731 55.07423852
2011-04-03 16.4178996 78.35374016 36.59270813 30.93574832 55.78470665 43.1275348 101.7424171 52.37163396 42.52491377 67.52462987 49.96189862 67.40112135 44.4351331 51.83715834 35.89663518 63.53942108 39.63644922 48.57716989 25.63295786 37.31313241 52.33429438 25.33250307 34.54171393 5.438096517 52.86127357 43.16770002 45.02118352 63.37967829 NA 65.86393233 56.94726088 58.44533649 26.49086786 45.2498472 57.09899024
2011-04-04 14.56656631 89.37716774 35.94582878 22.68721744 52.73122659 45.27533257 95.65836046 54.45599457 46.87104374 79.7709685 46.26029424 73.95845673 42.39653055 58.92372561 32.41273252 59.5146634 37.06182577 47.72079921 NA 36.3841906 52.14704421 24.72312633 34.56980206 5.983668802 49.81849603 43.69358673 44.97769356 64.72723611 56.31900779 66.22548403 48.41302357 62.60987019 24.94276622 46.14325992 81.21150135
2011-04-05 19.89786665 133.2917765 38.55077832 35.4016263 54.70089148 47.1871398 100.3901763 52.01052792 56.9310139 90.05003491 48.55918279 74.80663476 44.36025105 57.34700623 31.98270356 58.20341908 38.61236126 48.75771871 27.74030727 37.64601706 52.66500933 24.97306752 37.99017748 6.666650365 50.7504126 41.97607324 43.63393773 65.33932243 65.42981638 83.08924635 104.1311395 146.69128 24.96269378 46.21066249 139.2016
2011-04-06 20.51303658 44.27374083 37.15456558 15.0030031 48.02002458 59.48243707 55.51547071 36.66806925 60.43732025 68.28075902 48.96949808 69.25025812 41.36796174 61.2203683 30.67440916 60.99835778 36.67634863 29.74009522 26.04392447 38.23986021 47.69904466 24.6245045 37.89271423 6.0105113 48.05004961 66.74056162 48.50625355 61.16980077 56.52207999 61.00715407 90.33709519 214.1833325 26.64697387 91.35477336 136.8355139
2011-04-07 22.57511153 42.52022225 35.89515431 10.6022825 49.64212462 41.22419988 53.51152079 42.36675507 51.132717 76.43021421 48.1143864 70.40140461 42.8692487 67.51652451 34.7178061 63.02055088 38.20623468 42.39268051 24.40635295 39.1431777 46.75729799 25.55509316 37.74045909 6.271600693 47.10786624 55.20296625 49.03520735 62.33010004 61.586818 60.35008814 73.1724142 86.02978282 25.89139306 46.84479746 78.87125152
2011-04-08 34.491188 43.96967616 38.22015545 21.15201084 42.47690922 64.0252797 NA 46.30816139 47.23550603 58.78641615 49.56006156 54.55922398 40.59124131 56.65925577 34.51739863 55.39413182 40.28847783 12.81833264 25.29082124 39.94126946 50.14512625 26.05804132 37.78640122 6.432431097 49.18789918 75.79608815 62.1954464 55.31072303 65.77239935 63.53313306 79.84481456 83.5374561 25.12636538 47.88088813 72.16917371
2011-04-09 29.6165372 42.6234784 39.47689308 14.97355737 46.54900327 41.09948328 73.74622284 46.03502188 47.05063243 72.01343392 55.58224053 54.47254443 48.24142907 47.03970614 36.94479144 63.96506922 41.76937379 50.97692375 27.63805367 38.45295858 55.58547564 24.0693579 35.11052881 6.261542443 53.5837181 57.80943976 53.51821381 63.09265907 57.69185288 62.14549381 62.59928256 65.65671075 27.20838572 47.97351208 65.70564736
2011-04-10 31.57935757 54.79897858 38.83733061 46.8081418 53.98390918 47.07473979 76.23506491 53.08447739 52.23911561 86.55910825 51.60275875 74.57277017 45.48071966 57.2616958 35.48843747 62.56700897 38.3629246 53.90921647 26.34273097 39.15680437 49.32465766 24.3981066 34.47901569 27.06831349 52.73261992 54.13898947 46.76846505 66.1710947 59.38351044 57.97682526 60.60181104 63.96393796 26.26762605 46.51558966 76.01245501
2011-04-11 35.32036861 41.90725033 38.88393002 26.07478737 48.26642816 66.68313835 61.37283551 56.32840441 52.94847892 75.80130004 50.6735198 79.16057955 44.51979319 53.9155019 34.51892412 62.47638264 40.49333504 51.08479712 NA 40.63190325 47.59122498 24.53726394 36.47546376 36.68261985 50.36455303 65.42774995 55.8639099 68.76589254 61.49763974 61.44857317 72.45783752 63.44398582 NA 48.34016637 90.98986354
2011-04-12 39.86801071 48.63201296 38.91966105 18.66150388 46.62832584 50.98125478 61.43340778 45.98747909 50.37719233 70.81135363 51.48668422 62.8747975 44.61270458 59.1495583 34.23246888 59.02023749 40.41771342 26.75793474 26.32344965 40.10277511 52.4494941 26.45556432 37.1503813 43.09295295 49.08608182 86.51395129 64.91065415 59.07414199 60.8453944 57.6785162 51.87382546 70.6940116 27.26938035 46.58885479 63.76755563
2011-04-13 41.89942619 46.70641491 39.5906779 24.24427151 44.56216524 39.37911888 67.30973438 38.54477892 48.71982622 70.98642607 56.04456974 53.09868971 46.08545928 46.39523203 35.13813546 55.00280726 39.76132574 27.0529587 26.19223687 38.57597129 52.21869913 26.62103147 35.22650044 41.03564697 50.37591317 87.83327459 59.92942472 53.65521682 63.82058957 58.6172838 51.77559798 68.57145881 25.39482796 46.92468113 62.26736157
2011-04-14 42.62712307 46.35835454 41.56298598 27.45360431 46.84299195 73.42388396 67.00403137 50.49578288 49.16111562 65.7830489 52.80532084 55.264243 44.89286677 51.55466323 36.23182274 55.08205996 40.31634455 28.4966609 27.09790426 41.53823736 52.61241905 26.17085292 34.60642837 52.18208937 49.32691263 99.98185696 73.2278674 53.59552739 106.0888667 61.13425321 52.1808399 67.68972788 24.70340169 45.44185238 64.46187602
2011-04-15 50.17945036 45.45766722 41.68550637 36.37549504 44.09761768 71.15496301 91.27334163 46.72620131 52.7341719 70.06465825 58.4613666 51.29926961 46.17965219 64.50699357 39.60950506 48.68294619 40.64996989 35.27049997 26.60765312 39.61954552 56.41909231 26.59918071 34.02889216 38.23157903 49.42977357 103.0012242 82.9643663 55.15619381 87.49792856 61.64477646 51.93987462 70.45469701 26.10769823 45.87532212 70.18947639
2011-04-16 56.96832009 47.06002743 45.78551566 44.78122132 45.66210092 44.9310892 84.10583247 45.89197209 59.32013759 66.21401464 52.77497587 62.65301565 44.16475523 64.73508729 40.17370453 47.9882996 39.46275258 46.09412959 NA 39.32344056 56.86968987 25.37521739 33.48171292 43.38022056 51.36076214 100.5407869 89.02355018 57.55666442 66.90687471 60.28222661 55.34319766 95.46844026 28.86096503 47.33863332 75.47162534
2011-04-17 NA NA NA NA NA NA NA NA NA NA NA NA NA NA NA NA NA NA NA NA NA NA NA NA NA NA NA NA NA NA NA NA NA NA NA
2011-04-18 51.32210824 51.63504807 48.7310158 44.27411899 46.53519731 71.77990992 80.79095798 48.21196235 63.23062992 82.80154891 65.65194756 65.6093042 57.23477244 50.71809479 40.25605916 66.20588773 50.83801412 43.89470924 43.93296 37.08746622 61.0876679 26.17046319 33.68281008 43.56014521 66.59947966 47.96702924 60.17720067 62.10191193 63.43668303 62.7739684 56.76653042 75.11251765 27.26256403 47.44106622 59.11230252
2011-04-19 47.4810837 50.10818824 47.42603697 45.04353882 41.99100504 97.09642891 77.49712134 48.50568605 62.67643563 78.56170487 65.95189109 64.58731563 50.25591529 49.01735798 40.35472941 55.68440067 47.82709513 41.6073479 29.83195966 38.51196504 56.90518185 25.13746286 35.10317042 45.69968269 54.75291429 66.0514205 92.7719516 60.32514555 66.40441412 61.93352874 56.20201412 81.2850716 27.90952336 49.62605445 92.45570824
2011-04-20 47.03969345 48.68043429 47.47462185 47.37394286 40.69409748 91.92987832 78.9608995 47.22633681 62.73041748 74.30028504 66.73640067 65.04561076 50.04053244 51.54354151 38.56572908 50.83699765 47.33062185 44.03261042 29.01616941 35.51234824 61.4621284 25.36288941 34.03404908 44.94742185 54.23928202 53.18124504 89.11165311 64.45939765 68.18179765 61.96836706 58.99131832 81.90432 26.18458487 48.41333244 84.56868303
2011-04-21 46.86515092 49.64674689 46.87013647 44.00797311 55.53599597 55.74023395 76.21586017 51.64391798 66.13379092 74.43257143 69.02292706 63.33764975 57.44099496 50.14680202 44.43711731 48.20817479 49.16357244 43.96992807 26.9049358 36.72056874 65.72964706 24.25240739 33.61850622 44.24767866 70.95783933 86.35510588 64.78693109 66.08830387 58.61223529 63.16539429 54.23006118 75.55296403 27.04928672 49.83221647 74.06915899
2011-04-22 48.21089748 48.17028706 44.81103328 46.33253244 41.81225143 87.00251294 64.4414642 49.94275765 61.8249842 74.14866151 69.42543731 69.12563899 49.5605284 51.90757109 40.0305963 49.27729613 47.50402689 45.10335328 26.83183462 35.0467321 64.29216403 26.91926319 32.54985681 46.00469647 53.79388639 50.10239193 84.08800134 61.74925714 63.5515563 66.4084195 71.52417076 88.27564235 28.77954958 50.27410286 79.33654588
2011-04-23 NA NA NA NA NA NA NA NA NA NA NA NA NA NA NA NA NA NA NA NA NA NA NA NA NA NA NA NA NA NA NA NA NA NA NA
2011-04-24 45.53411899 46.1764679 44.60483496 45.25865546 48.12671193 51.85329882 65.49002622 55.63562218 61.02712739 77.75796706 62.81964908 61.23763361 57.76384538 52.29266824 46.33788101 65.48064807 52.78979496 42.82837109 27.2045405 36.7229042 70.73327193 25.60305479 34.40576269 44.96925176 71.44808067 70.4117405 61.70217277 75.69879126 65.21127126 68.91188975 58.89564908 78.75156706 28.56357378 54.05565176 72.54261378
2011-04-25 47.9649963 50.74877042 45.29586555 44.90425815 48.88300235 68.42478252 59.26951664 61.66819361 61.59561277 82.53237782 60.13569479 62.94594555 54.05249345 52.22817076 47.05344 59.47527933 52.09935731 43.60869378 NA 33.22205849 64.7208 25.70666218 32.88495328 44.65350454 69.19302857 78.29820908 72.86679529 67.88101916 67.44910387 69.52373244 61.01501445 76.7837405 27.58599529 53.84484303 79.53997311
2011-04-26 47.15194084 48.62990118 44.94656269 46.31634151 48.50424605 79.52006723 59.36274151 66.2817479 60.31896202 75.25649345 62.38631798 65.62123563 48.15276504 52.01463933 41.7600484 52.72745143 47.9749916 44.67572168 30.11403025 32.48457277 64.67347361 29.83071328 33.03752067 45.76961345 57.28960134 54.4737116 72.5241721 71.03993143 64.78720941 71.71882487 61.59204303 93.84310588 27.42536874 52.41724639 85.47222857
2011-04-27 44.15301378 45.7256995 44.80664067 47.88309782 49.18087664 56.63820101 62.08718521 64.98686118 65.1383395 75.42567529 59.09505882 66.01528739 54.81593546 55.03983731 45 53.43591933 48.05021042 45.27917849 28.19705143 31.07703933 67.69262118 26.49153479 33.24514689 45.2159758 61.37378017 78.06663529 59.94504605 71.53333109 67.17707697 70.40838857 56.76110924 73.57712672 28.30703597 54.57947294 71.42819899
2011-04-28 44.93504269 44.14774992 42.98126521 43.98570756 47.71070924 61.88026084 54.42431597 76.70118857 64.12413176 75.7944363 58.06623328 62.49038521 56.21747899 52.38969277 49.91442958 52.46141445 51.98517378 42.46455933 28.81322622 31.41165176 68.23799395 25.85795899 32.79350723 42.77421983 65.44011025 74.69882622 62.87636571 71.49177681 68.84171697 71.57725714 62.47671126 73.49348571 27.84715563 55.67666824 73.55080739
2011-04-29 48.68659361 43.24200202 43.53804908 45.40662454 45.27323697 44.72407664 55.49013378 59.67182118 57.93806118 69.91145546 61.15623126 64.49415126 46.88483899 51.47311462 41.94053244 52.29236571 46.45275429 43.71078857 27.96077042 28.66737479 66.85224202 25.71371697 33.19479529 44.09088807 53.43744403 74.44462387 71.63802756 66.05318723 62.20325647 72.12920067 56.11208067 116.1205714 27.49937748 53.20750387 72.9749163
2011-04-30 NA NA NA NA NA NA NA NA NA NA NA NA NA NA NA NA NA NA NA NA NA NA NA NA NA NA NA NA NA NA NA NA NA NA NA
2011-05-01 42.3979321 46.34411294 42.94843563 41.17983731 26.54418555 57.67025748 60.72991866 56.03411496 47.69116639 73.14598588 54.09442286 64.68951933 53.85105076 55.88682353 44.60732773 66.68898958 51.31469042 40.68942655 40.99995832 25.96399866 68.98238924 26.04081479 32.68167126 39.49025748 69.14261647 65.32622924 59.31154286 74.87211025 63.67233479 73.00043697 61.64961882 72.48001613 27.10006185 56.28483227 65.57360672
2011-05-02 NA NA NA NA NA NA NA NA NA NA NA NA NA NA NA NA NA NA NA NA NA NA NA NA NA NA NA NA NA NA NA NA NA NA NA
2011-05-03 44.19944471 46.47775462 43.04461311 42.79225008 44.78067227 68.08770151 50.57905613 72.88505546 53.52204101 74.37654454 52.11678252 56.28039126 52.19911664 55.02789378 41.92751193 67.30635025 52.24652773 42.35004908 26.86275227 26.40466286 69.67625143 25.61081143 31.63261311 40.46996571 64.39688471 56.94237983 55.90989983 71.6299321 66.70910118 73.04925176 61.69158454 71.98647126 26.96563361 56.55701647 62.40195227
2011-05-04 46.46936874 45.94949244 46.10337882 45.52049345 45.77136807 56.31499966 54.12999933 68.33137613 58.62903126 76.25792269 50.81890689 54.47637378 52.47160336 55.77375328 46.10685176 53.37320067 52.96766521 45.29763227 28.73137613 27.68517378 67.43031126 27.18364235 33.08341916 44.87789042 63.17842689 72.43133445 63.36556639 63.94490622 64.66702387 72.90945076 63.30512269 75.52983933 27.54482824 59.11168538 74.12200336
2011-05-05 44.82872471 44.67147429 43.15298824 43.42282487 46.35022387 61.60813714 51.72012908 57.00866824 57.07702588 71.14392605 50.38301042 56.60844504 54.00176672 56.93688605 49.49593412 53.30577479 53.6457963 40.43336067 27.93367664 26.28510655 71.73154286 25.77834756 33.41981042 44.61984 65.55393076 63.50719462 63.84279933 64.6012437 66.39754084 76.84630185 63.72847059 74.24072471 28.65540706 59.92057815 68.11794151
2011-05-06 46.04898555 47.98486588 43.52675899 44.18103933 43.51471866 65.55370084 53.63162622 49.69470252 55.84108235 67.35330151 50.96940504 54.42267025 51.73391193 56.37145008 46.77196235 50.53753815 49.45937748 44.88181109 27.45403563 27.4248121 67.5432605 25.14583664 32.57724101 45.65165445 52.18832269 55.95600403 63.72684908 62.17316168 64.86201681 71.67281748 56.38776202 84.48386824 26.79186555 55.00292975 68.78179361
2011-05-07 45.90503395 44.79391059 42.48920874 43.40406857 42.12977748 65.62261513 56.39203361 49.53069983 51.53981445 62.90774319 52.53951328 55.56635697 50.60781983 57.86679933 40.47347496 40.43870924 47.49308773 43.90716101 26.57267092 24.43634017 65.94090353 26.90796101 32.12233412 44.22941849 58.59948101 48.47439328 64.16391933 72.67700571 77.53078588 50.73779496 57.63714958 79.98011697 25.58887261 58.74166588 66.75210756
2011-05-08 45.34022723 44.94537681 46.60438992 44.46522756 43.18230857 46.63066084 51.71502252 71.40096 57.36287193 65.26314756 53.33361882 54.84502588 54.0734763 53.97220437 43.72793546 68.79736739 51.56053109 45.7142642 27.73606992 24.17278387 67.7677916 26.24945748 33.49787294 47.12357647 70.16490756 65.70036303 57.67650151 69.81214387 64.31549445 72.58235294 57.47814454 74.74776202 26.93625277 56.78917109 63.91773983
2011-05-09 50.91947697 49.35880739 44.27954017 45.32789647 52.05396706 46.8360605 61.98569546 49.57026958 51.92424605 78.17941513 50.58365445 57.98999798 56.11560202 57.7367395 47.16476773 65.5905479 53.47695328 49.17224874 28.33615059 24.81473345 67.10264471 25.93182252 33.0782521 46.41896874 64.9023005 62.85711328 55.07232807 74.49316034 63.07687664 76.47138151 65.31037714 66.55516639 27.79434756 55.90866555 62.57196908
2011-05-10 45.49792538 48.42926924 45.02354824 46.8863879 48.84726857 67.8197284 53.22202487 55.7380195 54.19471462 74.43271664 54.34829849 63.37891361 54.21710118 61.34408471 45.77841076 63.51055866 49.44125042 28.50732908 26.32439798 48.75461244 64.51173378 25.76938084 65.13574992 45.46117513 60.21260773 69.24570353 67.47578622 71.49431798 67.92040739 74.97758118 87.60802689 87.86037782 28.63602151 53.72024067 96.99797647
2011-05-11 46.1 44.6 45.9 46.6 45.5 54.8 56.3 55.8 55.1 64.1 56.4 57.2 52.5 58.9 45.8 56 47.8 48 28.7 24.7 62.7 26.1 33.6 45.7 58.9 68.3 56.7 66.6 66.2 76.7 68 83.3 28.6 55.7 64.1
2011-05-12 51.3 54.9 47.9 58.7 55.7 60.9 72.3 58.6 55.2 86.8 56.6 75.3 60.1 63.2 47.4 70 51.6 30.8 25.1 25.2 66.5 27.8 36.3 52.5 66.2 70.7 57.7 74.1 69.9 78 85.5 80.7 29.8 57.4 68.7
2011-05-13 50.3 80.6 50.2 48.3 56.4 52.9 79.1 55.4 53.6 92.8 51.4 74.4 55.7 61.6 38.6 63.7 46.1 50.8 27.2 25.7 59.5 25.2 38.4 49.2 NA 58 54.8 73.4 65.2 76.8 88 88.2 28.7 52.9 165.4
2011-05-14 49.7 131.4 53.9 46.2 64.1 49.8 85.6 55.2 55.7 91.8 52 73.9 54.1 66.2 38.6 61.1 45.7 53.7 28.4 24.2 59.2 26.5 39.2 57.3 59 57.2 56 76.5 68.1 89.9 123.3 196.3 30.9 53.9 173.5
2011-05-15 54.1 136.5 NA 54.7 64.3 45 88 56.8 52.8 111.4 52.1 69.8 54.5 61.4 34.9 61.1 44.8 55.9 39.4 25.1 61.6 26.3 40.5 64.4 59.1 53.5 55.8 78.9 74.5 113.5 132.6 256.3 28.6 54.6 172.6
2011-05-16 50.1 155.5 63.5 55.6 71.4 61.4 101.6 67.8 61.8 124.3 53.2 76.8 60.7 62.7 38.3 61.7 45.7 64.5 32.5 27.2 63.1 29.2 44.1 62.3 66.4 56.8 57.7 86.9 88.7 134.6 134.1 284.3 30.7 57.6 188.8
2011-05-17 47.5 134.9 64.9 53.7 73.6 59.1 113.8 85.7 72.7 121.9 59.8 72.2 57.1 62.4 39.9 60 45.2 65.3 33.4 29.3 54 31.2 44.7 59 63.4 64.4 62.9 93 88.7 145.1 154.8 295 34 62.9 179.1
2011-05-18 46.3 126.7 62.4 49.5 70 52.2 112.5 74.7 56.4 121 55.3 68.2 51.6 54.8 37.3 64 41.9 60.1 32.3 28.8 57.3 26.6 41.4 49.4 60.6 63.3 58.3 82 84.4 222.2 147.8 274.3 32.7 60.2 161.6
2011-05-19 44 116.9 NA 51.1 68.5 55.7 116.9 76.5 59.1 132.9 53 64.2 45.8 56.7 34.2 53.3 35.5 61.1 30.4 73.1 55.3 28.2 41.5 45.2 54.3 69.8 56.3 84.7 83.6 411 131.9 291.3 36.4 56.8 159.7
2011-05-20 42 114 58 48.5 68.1 67.5 106 66.7 50.7 46.3 61.4 43.1 33 52.2 30.9 47.7 37.1 56.8 28.4 31.8 47.2 28.3 36.5 NA NA 149.1 58.2 80.7 89.8 382.8 125.9 292 33.2 56.5 NA
2011-05-21 38.5 120.4 55.2 45.6 66.3 48.3 107 59.9 43.9 129.2 47.8 65.8 38.8 47.6 32.3 50.7 33.9 53.5 28.2 29.7 47.5 27.7 34.3 NA NA 69 54.4 73.7 88.4 296.6 105.1 285.8 36.2 58.2 NA
2011-05-22 37.8 36.8 74.4 43.6 61.8 49.2 105.8 59.3 46.5 114.9 47.5 65 39.7 45.7 34.6 43.6 37.6 51.4 29.5 31 46.5 28 32.9 NA NA 66.9 53.9 73.7 90.9 232.8 117.9 263.7 30.7 55.8 NA
2011-05-23 36.4 97.2 46.8 41.7 58 49 83.6 54.9 39.9 112.5 41.2 61.5 36.6 37.3 32.8 31 34.7 50.5 28 32.1 38.3 28 26.5 NA NA 63 54.6 68 89.7 219 91.3 242.8 37.8 57.3 NA
2011-05-24 41.5 89.8 54.6 61.7 52.5 47.9 81.9 55.5 41.1 110.2 47 56.3 32.9 35.2 29.6 38.3 31.6 49.2 28.3 32 36 28.3 29.8 NA NA 62.2 52.4 60.9 87.6 195 101.1 232 42.9 56.6 NA
2011-05-25 34 85.1 42.7 44.8 53.2 48.6 77.4 51.3 43.7 126.6 NA 52.6 29.7 36.6 31 35.7 33 47.2 28.7 30.8 37.1 28.3 25.9 NA NA 61.4 51.6 62.9 87 249.6 95 231.2 39.1 56.4 NA
2011-05-26 34.2 82 43.7 36.5 50.1 45.9 78.6 51.9 38.9 134.8 34.6 49.8 27.7 35.5 30.9 34.5 32.1 46.8 28.3 30.1 34.5 29.1 23.1 NA NA 61.3 51.2 56.5 83.2 281.5 86.5 216.4 40.2 54.7 NA
2011-05-27 35.1 57.3 41.8 35.5 35.2 63.9 42.1 76.4 47 96.6 31.9 48.7 25.5 31.9 32.6 28.5 33.2 44.5 28.6 52.3 32.4 27.5 22.3 NA NA 61.7 51.4 56.3 75.8 301.1 77.5 221.4 41.2 54 NA
2011-05-28 32.6 85.3 39.3 53.7 47.2 40 72.4 46.5 25.6 102.6 33.3 47 25.9 27.1 32.2 29.5 30.5 41.7 29.4 30.2 33.6 26.8 20 NA NA 58.2 53 46.6 70.7 192.9 64.3 186.6 39.4 53.4 NA
2011-05-29 29.7 84.9 35.5 70.7 42.9 39.3 68.6 40.6 24.7 67.8 27.5 42.5 25.1 22.7 30.9 25.7 29 41.2 29 28.4 30.8 25.9 18.7 NA NA 58.2 54.7 40.9 74.9 168.9 56.8 171.7 42.9 55.2 NA
2011-05-30 29.2 74.7 28.7 66.6 39.1 37.9 60.3 38.4 21.8 79.5 24.4 35.9 23 21.4 29.4 27.1 30.8 37.2 28.2 27.8 29.2 24.3 16.8 NA NA 52.7 53.3 35.6 77.7 152 53.9 166.7 46.8 54.7 NA
2011-05-31 24.2 58.1 25.4 71.1 39.2 34.6 54.2 37.9 19.4 69.5 22.8 34.4 22.6 17.6 29.3 23.8 30.9 34.6 26.5 22.8 27.3 21.4 15.9 NA NA 47.6 54.8 30.2 71.4 128.7 41.8 145.2 46 51.5 NA
2011-06-01 24.6 61 24.9 58.4 35.8 44.9 53.5 36.2 17.9 21.5 31.8 22.6 29.3 17.8 28.6 21.5 30.6 32.6 28.6 24.9 27.6 21.4 15.7 NA NA 71.9 51.5 29.5 69.1 136.2 42.1 144.6 48.3 50.8 NA
2011-06-02 23 58.8 24.2 74.2 35.4 32.6 53.7 34.6 18.9 68.6 19.8 31.1 23.2 16.7 30.4 20 23.8 33.4 28.3 25.2 26.8 21.6 14.6 NA NA 43.8 36.2 29.7 53 116 45.3 107.7 49.4 34.9 NA
2011-06-03 23.2 43.8 24.3 52 34.8 29.1 52.6 34.3 18.7 62.8 20.2 34 23.6 18.6 30.5 24 31.3 33.7 29.2 22.4 28.4 20.5 15.6 NA NA 44.2 49.8 27.6 66.4 144.6 38.9 129.7 49.2 49.5 NA
2011-06-04 21 53.8 22.6 51 33.7 26.7 47.5 33.2 17.6 56.2 18.3 33.8 23.2 17.8 30.4 23 30 32.5 28.9 20.3 28 18.8 14.6 NA NA 42.8 49.4 26.5 57.9 135.1 35.5 122.6 48.2 46.3 NA
2011-06-05 20.4 40.8 21.3 44.7 33.4 25 44.5 31.6 16.9 48.7 16.9 32.2 22.25193277 16.1 30.6791879 23.5 28.6 31.8 26.3 17.8 28.9 16.8 13.11225277 NA NA 38.8 45.1 23.2 53.1 126.4 32.9 120.1 47 42 NA
2011-06-06 20.2 37.7 22.2 46.1 33.1 24.7 41.7 32.4 17 44.2 18.1 31.4 24.5 17.3 33.6 22.5 26.5 29.4 28.9 18.4 33.8 16.9 14.2 NA NA 37.4 48.2 22.8 50.5 115.6 28.9 109.2 48.4 39.3 NA
2011-06-07 20.5 38.1 20.3 40.9 30.1 21.9 41.4 29.9 16.6 47 16.8 32.3 24.3 16.8 27.4 21.3 31.2 28.6 27.1 15.8 32.1 15.5 13.1 NA NA 35.9 48 21.4 46.8 105 27.2 103.1 45.7 38.7 NA
2011-06-08 21.1 36.9 40.4 26.6 25.5 24.6 30 29.8 19.3 47.6 16.4 35.4 26.5 18.2 29 21.1 31.3 31.4 24.7 16.4 26.2 15 12.9 NA NA 45.6 124.3 23.7 48.7 139.4 33.7 104.3 43.6 40.4 NA
2011-06-09 20 33 24.4 19.8 22.5 18.6 34.7 28.8 16.1 40 13.9 35.6 24.8 15.1 25.9 20.3 28.2 30.5 23.8 14 24.8 12.8 11.3 NA NA 38.5 44.6 21 45.5 124.9 27.2 97.3 41.5 38.6 NA
2011-06-10 18.4 27.2 19.5 20.4 27.3 75.3 23.2 30 16.3 43.7 14.2 31.7 26 19 27.6 21.2 28 25.3 22.4 13.8 23.5 13.2 11.6 NA NA 91.4 151 22.4 46.1 131 33.3 101.7 38.7 39.2 NA
2011-06-11 24.7 26.1 22.7 19.6 22.7 31.6 22.6 28.8 18.3 43.4 16.1 42.7 24.8 18.8 24.7 20.6 25.3 31.8 32.9 13.6 20 12.9 10.4 163.1 18.8 97.7 178.6 20.9 54.8 109.2 24 119.8 33.8 35.3 214.2
2011-06-12 24.7 39.7 38.1 18.9 29.3 24.8 31.9 34.4 16.8 49.5 15 42.1 28 16.9 27.9 18.1 27 35.2 26.8 13.1 20.1 12.9 9.9 108.6 20.7 72.6 82.5 25.7 34.9 141.6 28.9 116.2 34.2 36.7 140.9
2011-06-13 24.4 36.8 27.9 23.6 29 23.8 35 32.6 17.2 44.5 15.9 35.2 28.5 16.6 33.5 20.4 34.6 35.6 31.6 13.6 28.1 14.3 11 51.5 28.4 56.3 63.3 22.9 40.1 139.1 25.8 106.5 28.9 34.8 160.3
2011-06-14 19.8 23 23.1 17.1 29.2 94.8 24.8 30.8 14.7 39.8 15.2 30.2 28 18.4 29.5 17.8 31.4 27.5 24.8 12.4 23.7 13.3 11.8 221.1 25.9 132 184 23 57.4 114.4 28.3 100.7 26.5 38.9 570.6
2011-06-15 26.1 NA 37.9 20.9 21.2 28 34.1 34.1 17.2 44.4 13.5 37 28.2 14.1 28.4 22.5 26.2 39.2 29.7 12.3 26.4 12.2 10.2 88.7 27.7 66.1 91.7 22.7 37.3 138.8 28.6 104.9 26 30.8 165.2
2011-06-16 24.9 42.6 40.8 20.4 34.4 29.6 30.5 35.9 22.4 50.3 15.1 41.8 27.8 17.6 30.9 23.1 33.3 38.8 30.2 12.9 21.3 12.1 10.6 111.7 26.2 53.3 92.8 25.3 101.5 145.8 28.9 103.5 24.4 29.9 142.2
2011-06-17 23.5 NA 30.3 20 35.5 56.2 22.9 37.5 21.7 44.7 15.7 39.5 30.1 20.5 31.7 21.8 30.2 35.3 24.6 12.4 22.2 12.2 9.9 191.6 25 73.4 227.9 24.5 35.8 115.2 30.3 31.4 17.6 33.8 427.5
2011-06-18 32.1 31.1 36.7 18.1 25.3 118.6 23 33 21.3 42.6 21.1 35.2 28.6 20.4 29.4 23.7 34 36 24.9 12.1 23.5 11.8 10.3 212.8 24 139.6 239.6 22.8 85.9 48.6 29 106.7 17.1 26.6 551.6
2011-06-19 39.6 33.5 36.6 23 28.9 110.6 24.3 38.7 25.2 45.4 24.7 38.4 28.2 24.1 25.7 23.5 30.1 39.2 22.3 12.3 22.1 11.3 10 187.5 24.2 126.9 282.7 22.1 91.7 48.4 23.6 117.7 15.9 22.8 527.3
2011-06-20 49.6 35.3 34.6 27 30.2 177.7 22.9 36.6 24.4 42.7 25.4 38.4 26.3 23.6 27.2 29.1 28.9 36.8 23.8 10.9 25.2 12.3 9.5 245.3 25.8 165.4 317 24.5 128.4 43.8 22.8 116.1 17.3 22.4 615
2011-06-21 68.6 45.7 34.7 26.4 26.7 169 25 31.5 23.6 40.5 27.1 32.5 26.5 17.3 26.5 25.4 28.7 78.9 29.9 13.3 25.2 13 9.1 284.1 15.8 224.9 239.7 22.4 186.3 27.3 22.5 144.6 17.8 22.3 596.4
2011-06-22 79.9 45.8 42.5 47.4 33.1 168 25.3 37.7 31.7 47.5 26.8 56.1 30 23.3 23.2 31 29.8 66.6 28.4 11.1 28.2 11.7 10.2 231.1 33.7 180.7 305.2 30.7 98 38.8 21 120.9 18.9 20.5 576
2011-06-23 85.5 54.9 55.7 47.3 28.6 136.7 29.5 28.6 29.5 41 29.4 38 28.7 19.1 25.9 20.4 30.2 117.6 24.9 10.4 29.3 12.6 8.4 240.1 27.9 245.8 230.6 21.8 137.3 23.7 18.1 192 18.6 17.6 516.6
2011-06-24 102.5 70.5 94 92.8 40.2 53.7 28.6 43.9 35.1 46.9 31.9 63.1 34.6 21.5 29.6 36.9 31.3 70.7 29.1 11.9 31.2 13.4 8.7 210 38.3 135.3 156.4 31.2 54.4 59.6 23.7 136.6 18.3 16.9 417.4
2011-06-25 112.2 65.4 57.1 60.7 34.1 271.9 35.7 39.5 31.1 45.7 31.8 46.8 31.4 22.5 31.9 27.8 36 122.9 26.6 11.7 33.9 16.2 9.5 295.1 33.7 287.6 235.4 25.8 245.3 33.1 26.4 188.3 21.6 19.7 479.1
2011-06-26 111.4 NA 71.7 71 NA 233.9 49.8 26.2 31.6 56.2 25.6 38.9 28.4 18.7 26.6 21.5 29.1 130 35.7 12.3 31.4 16.4 8.5 266.9 30.5 253.2 202.6 23.8 159.4 22.4 17.9 190.2 27.9 19.4 421.9
2011-06-27 111 85.8 83.8 76.9 77.5 232 50.9 29 39.6 68.2 42.2 48.8 35.8 25.4 26.2 22 36.5 141.2 31.6 14.8 41.7 18.4 8.9 204.9 50.6 281.9 200.5 25.9 143.8 24.4 16.5 192.7 27.4 20.6 396.3
2011-06-28 101.5 NA 81.7 84.7 42.7 259 71.4 24.2 34.1 91.1 21.1 34.9 27.6 17.5 25.3 21.6 34.7 127.6 38.6 16.7 47.8 21.2 9 216.8 31 205.8 196 22.9 167.3 25 15 172 52.7 19.5 146
2011-06-29 114.9 106.1 94.1 86.9 52.9 228.5 72.7 25.9 37.8 114.6 33.8 43.9 34.7 16.6 29.5 23.6 32.5 138.3 35.6 21.3 47.7 22.5 9.3 223.5 43.7 212 192 27 143.3 27.2 14.6 191.9 52.8 22.3 176
2011-06-30 112.4 96.3 95.6 98.8 53.6 272.6 69.4 61.1 45 105.2 54.7 83.6 40.6 24.1 29.5 68.5 39.6 133.2 39.1 21.4 62.1 25 8.9 205.4 56.3 246.5 190.5 33.5 164.2 26.7 17.7 213.6 35.5 23.7 344.6
2011-07-01 116.4 93.8 101.6 96.1 80.4 134.7 77.2 68.3 52.7 122.5 64.5 141.8 48.8 19.6 31.4 84.8 44 135.5 42.2 24.4 65.8 27.7 8.8 159 92.5 262.9 192 35.6 126.9 30.4 18.7 227.2 37.9 25.3 328.1
2011-07-02 127.3 106.5 94.7 103.7 87 135.5 73.3 76.3 63 99.7 57.4 116.4 41.5 34.6 35.6 78.5 40.7 124.1 43.4 24.8 86.7 39.2 8.6 175.5 73.8 190.8 189.9 46.8 101.3 45.9 26.9 222.7 37.6 23.9 360.5
2011-07-03 132.9 96.2 89.8 110.8 93.1 113.5 76.2 81.8 59.9 102.5 66.8 106.3 52.1 32.1 38.3 75.2 45.3 120.1 38.2 24.5 67.8 31.2 9.1 171 72.3 184.3 207.5 51.7 125.1 49.2 32.1 268.9 39.9 26.1 360.4
2011-07-04 111 88.2 87.5 104.3 91.6 224.7 66.6 80.5 54 92.1 61.1 97.6 51.1 37.1 37.7 71.7 46.2 132.5 30.9 26.6 69.1 33 9.6 173 66.3 253.5 223.5 56.8 172.5 53 38.6 278.5 36.5 24.3 402.1
2011-07-05 101.8 93.7 96.4 95.8 60.3 214.5 73.4 51.5 55.1 112.9 68.1 62.2 47.5 28.2 27.3 38.9 48 116.9 37.4 25.7 65.2 32.9 9.5 195 45 231.9 207.3 42.7 180.5 41.5 20.3 244 40.9 28.7 266.9
2011-07-06 100.9 90.1 91 105.2 72.5 178.8 80.3 61.3 58.8 142.9 70.1 68.3 50.5 20.6 28.7 30.5 38.1 128.9 42 30.5 75.8 28.2 8.9 157.9 74 216 177.1 46.1 144.2 33.5 17.2 214.8 51.7 28.1 278
2011-07-07 124.1 112.9 114.5 99.8 96.8 114.1 103.7 86 54 120.9 69.2 93.9 50 40.9 37.3 99.2 42.4 122.6 40.7 32.6 82.4 28.9 9.3 152.5 83.8 186.2 167.8 59 128.9 68.9 41.1 225 45.9 30.2 296.5
2011-07-08 123.1 105.8 99.3 113.7 89.9 141.9 86.7 90.2 62.7 115 75.9 103.1 54.2 44.8 36.4 84.8 41.4 118.2 35.3 29.5 76.9 29.3 11.2 184 80.6 210.1 199.9 65.4 148.2 45.5 31.6 262 47.3 33.4 309.8
2011-07-09 121.7 105.8 94.2 111.9 85.3 171.9 81.8 89 60.2 114.7 66.6 105.9 50.9 47.8 33.1 71.5 42 126.3 33.9 28.2 76 29.6 11.4 159.1 78.6 245.8 201.4 68.3 159.3 41.6 36 260.5 47.6 33.9 304.4
2011-07-10 101.4 98.5 102.5 103.6 70.6 208.2 94.1 62.3 60.4 129.6 62.9 71.4 42.1 33.4 40.8 43.1 47.4 119.6 39.5 31 66.8 30.7 11.3 163.3 49.7 189.3 161.1 44.8 163.5 38.9 19.5 219.7 51.3 37 198.7
2011-07-11 106.8 93.5 96.8 98.5 81 156.5 90.2 81.6 63.5 143.8 82.4 115.7 56.8 42 34.5 95.9 47.6 120.8 37.9 33.5 89.9 29.7 11 148.9 96.1 208.9 166.3 56.9 133.7 43.1 22.8 254.5 50.2 46.1 262.6
2011-07-12 106.8 97.1 99.7 101.2 61.8 200.5 96.7 55.3 59.9 124 66.9 63.4 37.3 32.1 36 41.6 48.2 120.9 39.1 34.9 84 30.4 10.9 159.1 44.3 185.1 152.6 50.5 161.3 42.7 21 232.3 54.5 44.7 192.3
2011-07-13 108.6 96.7 96.3 106.4 61.5 160.8 98.8 43.4 57.2 137 56.3 66.6 35.7 23.9 32.9 33.5 37.7 121.9 48.3 42.2 80.1 31.8 10.6 154.4 46.7 156.6 130.2 55.1 144.9 42.5 20.4 208.2 57.6 43.8 161.6
2011-07-14 99.4 95.5 97.7 97.5 73.7 128.4 95.2 84.9 48.7 163.1 87.2 125.3 57.9 32 NA 103.9 46.2 117.6 45.8 40.1 109.1 33.2 11.2 141.5 108 164.7 137.6 73 NA 45.7 28 242.6 55.1 52.8 227
2011-07-15 98.9 94.7 99.6 100.4 66.2 125.1 97.3 57.2 53.3 153.6 86.5 76.7 47.8 23.9 NA 35 46.5 122.7 48.3 39.7 90 34.9 11.1 150 101.9 165.3 138.9 62.6 NA 48.2 22.3 209.7 61.8 54 172.8
2011-07-16 107.8 110.2 100.8 100.3 64.9 NA 98.3 45.1 61.9 127.2 61.8 65.4 36.1 28.8 NA 30.7 45.9 114.4 55.6 43.4 96.3 36.6 13 114.3 45.8 150.9 128.6 60.7 137.4 52.5 23.2 197.8 61.4 51.7 151.8
2011-07-17 106.2 NA 94.8 101.7 60.2 NA 102.4 38.1 60.3 128.8 54.1 70.4 39.2 21.2 NA 29.9 37 117.5 63.7 48.3 75.5 41.4 15.2 136.2 54.2 129 130.6 75.6 121 54.9 24.5 198 69.1 54.4 140.7
2011-07-18 103.3 101.6 102.2 101 74.8 125.1 99.9 40.3 65.7 115.3 44.1 63.6 34 23.6 30.8 33.4 32.2 112.9 65.8 50.4 80.7 41.4 15.2 114.3 43.2 124.9 123.8 71.2 128.9 58.5 27.1 191.3 68.2 53.9 132
2011-07-19 108.1 104.3 103.1 106.5 66.4 137.8 100.4 41.5 70.8 137 71.1 61.4 38.8 29.5 34.7 43 45.8 117.5 65.5 55.8 90.4 47.8 15.5 115.9 47.1 131.3 140.9 78.9 141.8 55.7 30.1 244.3 67.3 99.2 195.3
2011-07-20 107.4 102.5 106.3 103.4 61.8 119.2 102.8 39.4 69.5 148 78.9 74.2 49.2 26.4 35.7 33.5 41 122.4 68.7 57.6 78.5 51 16.5 140.3 97.4 127.3 129.9 81.3 NA 59.5 31.8 172.8 66.4 56.1 133.1
2011-07-21 110.4 109.8 101.2 108.2 70.3 140.3 102.3 41.4 74.4 136.6 78.7 73.7 41 30.4 36.7 34.4 46 122.4 72.6 54.9 85.7 57.7 17.3 115.6 47.5 141.1 134.4 75.7 143.5 58.3 30.3 170.8 62 60.3 129.5
2011-07-22 107.6 104.3 106 109.6 61 124.8 104.8 36.1 71.5 129.5 59.4 72.7 44.6 26.8 35.9 34.8 40.9 116.8 81.2 56.9 75.7 62.4 17.7 115.2 54.4 124.9 118.7 76.6 147.8 64.7 30.5 177.5 69.3 56.6 128
2011-07-23 111.9 NA 109.3 104.4 71.8 125.4 107.3 39.9 79.4 133.2 47.8 68.5 39.5 27.8 35.3 35.7 41.4 120.9 81.9 61.1 71.4 64.6 20.7 119.5 53.6 129.6 126.1 80.9 144.5 68.8 32 178.2 74.3 60 125.7
2011-07-24 103.6 NA 106.8 106.6 70 121.1 110.1 40.4 81.4 138.7 82.9 68.9 50.9 30.9 40.5 34.8 45.4 115.2 87.2 62.6 79.8 66.2 21.3 121.7 95.5 123.5 120.3 87.9 162.8 70.8 37.3 171.8 69.1 62 128.3
2011-07-25 106.4 107 107.9 109.3 78 128.6 101.7 54.9 81.5 144.3 97.1 82.8 53.1 38.8 40 84.5 46.3 112.1 84.7 66.6 84.3 71.1 21.4 124.7 75 129.2 117 96.7 147.2 75.1 38.6 166.9 72.2 66.6 136.4
2011-07-26 110.2 110.5 102 103.8 77.5 118 116.2 38.7 82.7 118.8 53.1 66.5 40.1 35.5 39.2 40.5 43.6 115.1 90 67 82.4 78.5 21.8 112.3 49.5 118.9 112.1 78.3 153.2 75.2 37.6 171.2 69.4 58.5 123.7
2011-07-27 110.2 109.7 101.8 105.3 73.6 111.4 113.3 40.7 87.8 123.9 43.6 69.2 39.3 35.6 37.7 43.1 39 120.1 93.4 72.4 66.9 83.6 22.8 112.9 47.8 109.5 115.1 70.3 120 79.5 36.3 156.8 71.6 64.9 120.9
2011-07-28 101.4 108.1 106.6 100.2 80.1 115.8 108.7 40.6 84.1 124.7 59.3 71.3 47.4 39.4 39.4 39.8 46.1 110.8 90.6 71.7 77.1 84.3 23.9 112.3 52.6 113.7 111.3 79.8 159.6 82.4 37.9 163.2 73.4 66.4 120.8
2011-07-29 102.6 106.4 98.5 95.8 68 109.2 104.2 37.1 80.4 112.7 39.5 71 37.8 33 35.2 36.3 36.9 110.4 86.9 72.5 63.7 78.7 23.5 108.4 56.2 106.2 105.2 76.8 150.8 82.3 35.1 152.2 68.1 59.9 116.2
2011-07-30 NA NA NA NA NA NA NA NA NA NA NA NA NA NA NA NA NA NA NA NA NA NA NA NA NA NA NA NA NA NA NA NA NA NA NA
2011-07-31 102 109.3 101 96.8 79.6 108.8 98.9 38.8 NA 122.2 52.6 75.9 41.2 38.4 38.5 37.6 43.7 110.5 NA 81.6 73.2 84.6 25.5 112.7 49.1 107.5 100.3 79.2 147 78.3 37.8 146.6 68 63.6 117.1
2011-08-01 101.5 105.5 92.9 95.7 84.6 100.5 105.1 39.6 83.8 115.9 42.4 76.7 38.5 39.4 37.3 39.6 37.8 111.1 NA 82 67.1 91.2 30.3 109.1 53.7 122 98.1 76 147.7 86.9 41.6 153 75.5 61.7 111.9
2011-08-02 97.7 98.8 95.3 88.5 80.2 102.7 101.6 39.3 88.4 117.5 43.7 75.8 39.2 37.9 40.3 38.3 41.1 109.1 104.2 80.4 68.9 94.7 29.3 108.2 53.8 116.9 104.4 82.9 153.8 84.4 44.6 140.5 73.6 66 118.4
2011-08-03 96.6 108.6 99 93.9 89.3 103.3 101.5 42.7 93.4 110.2 49.7 79.4 44.1 NA 44.1 40.1 40.4 117 99.7 88.2 71 98.7 35.6 105.5 52.4 119.9 101.3 79.6 136.4 82.7 45.9 131.6 77.8 66.7 111.8
2011-08-04 105 103.7 100.9 92.3 82.4 95.6 100.4 52.6 85.9 105.8 51.5 62.5 42.8 45 44.7 42.6 43.9 111.7 109.1 89.8 74.9 101.5 38.5 111.5 55.8 108.4 105.9 82.4 154.2 79.5 46.5 130 76.6 65 108.6
2011-08-05 97 93.7 96.1 94.1 90.5 92.6 100.1 39.8 95.3 108.2 85.3 83.9 51.6 93 46.6 50.7 47.7 106.6 105.2 85 84.7 97.4 37.6 103.9 55.6 120.5 111.7 82.1 113 81.6 49.5 141.1 77.6 70.1 116.6
